																									      |			Ótico			   |	|      Pressão	    |												
Data		Hora	Rep.	JW	JK	JG	|		Método	Misto		      |	|		Método	Free -	Scale	      |	|		Método	Merge		      |	L.L	+-	L.w	+-	L.k 	+- | 	|L.L	L.w	L.k |	SHD-01	SHD-02	P_bar	T_W	T_K	T_Atm	JG_lam	P_lam	T_lam	M_manual		
				m/s	m/s	m/s	Vazio	+-	Hw	+-	Hk	+-	Vazio	+-	Hw	+-	Hk	+-	Vazio	+-	Hw	+-	Hk	+-	mm		mm		mm		 mm	mm	mm 	mmH2O	kPa	kPa	°C	°C	°C	m/s	kPa	°C	kg/h		
21/12/2022	14:37	1	0.39	0.32	Inf	39.49	0.06	34.96	1.82	25.55	1.82	39.49	0.06	32.35	28.11	28.16	28.11	39.49	0.06	20.81	2.43	39.70	2.43	1163	1	622	540	541	540	1163	672	491	1124.62	148.07	94.13	24.44	25.03	24.81	0.25	417.58	25.67	1.90			
21/12/2022	14:44	2	0.39	0.31	0.66	34.36	0.06	34.48	1.97	31.16	1.97	34.36	0.06	34.92	30.68	30.72	30.68	34.36	0.06	21.88	2.46	43.76	2.46	1261.60	1.00	671.10	589.60	590.50	589.60	1261.60	662.72	598.88	1203.08	149.14	94.20	24.45	25.13	24.88	0.25	417.29	25.68	1.90			
21/12/2022	14:51	3	0.41	0.30	0.65	31.11	0.06	38.08	2.16	30.82	2.16	31.11	0.06	36.54	32.30	32.35	32.30	31.11	0.06	26.20	2.47	42.69	2.48	1324.10	1.00	702.30	620.80	621.80	620.80	1324.10	731.81	592.29	1267.69	150.16	94.20	24.45	25.22	24.98	0.25	416.70	25.70	1.90			
21/12/2022	14:59	4	0.40	0.28	0.65	35.79	0.06	35.60	1.91	28.61	1.91	35.79	0.06	34.20	29.96	30.02	29.96	35.79	0.06	22.78	2.45	41.43	2.45	1234.20	1.00	657.30	575.80	576.90	575.80	1234.20	684.29	549.91	1188.21	149.00	94.15	24.56	25.27	24.62	0.25	417.58	25.71	1.90			
21/12/2022	15:08	5	0.41	0.30	0.65	36.18	0.06	35.68	1.90	28.14	1.89	36.18	0.06	34.01	29.77	29.82	29.77	36.18	0.06	22.50	2.45	41.33	2.45	1226.70	1.00	653.60	572.10	573.10	572.10	1226.70	685.85	540.85	1180.00	150.41	94.15	24.56	25.33	24.69	0.25	416.70	25.71	1.90			
21/12/2022	15:19	6	0.40	0.30	0.65	38.06	0.06	35.98	1.84	25.95	1.84	38.06	0.06	33.06	28.82	28.87	28.82	38.06	0.06	22.19	2.43	39.75	2.44	1190.40	1.00	635.50	554.00	554.90	554.00	1190.40	691.62	498.78	1153.33	149.12	94.13	24.62	25.39	24.76	0.25	416.70	25.74	1.90			
21/12/2022	15:27	7	0.40	0.29	0.65	29.81	0.06	37.88	2.24	32.31	2.24	29.81	0.06	37.19	32.95	33.00	32.95	29.81	0.06	26.31	2.48	43.88	2.48	1349.10	1.00	714.80	633.30	634.30	633.30	1349.10	728.09	621.01	1286.15	150.45	94.13	24.72	25.42	24.62	0.25	416.70	25.74	1.90			
21/12/2022	15:37	8	0.40	0.30	0.65	33.51	0.06	36.48	2.01	30.01	2.01	33.51	0.06	35.34	31.10	31.15	31.10	33.51	0.06	24.23	2.46	42.26	2.46	1277.90	1.00	679.20	597.70	598.70	597.70	1277.90	701.07	576.83	1224.10	148.16	94.15	24.84	25.55	24.96	0.25	416.41	25.85	1.90			
21/12/2022	15:43	9	0.40	0.30	0.66	33.64	0.06	34.09	2.01	32.26	2.01	33.64	0.06	35.27	31.03	31.09	31.03	33.64	0.06	21.77	2.47	44.59	2.47	1275.40	1.00	677.90	596.40	597.50	596.40	1275.40	655.29	620.11	1213.85	148.27	94.10	24.88	25.55	24.76	0.25	416.70	25.85	1.90			
21/12/2022	15:50	10	0.41	0.30	0.66	39.75	0.06	33.67	1.82	26.58	1.82	39.75	0.06	32.22	27.98	28.03	27.98	39.75	0.06	19.47	2.43	40.78	2.43	1158.00	1.00	619.20	537.70	538.80	537.70	1158.00	647.11	510.89	1117.95	149.84	94.13	24.88	25.68	24.57	0.25	416.41	25.86	1.90			
21/12/2022	15:57	11	0.40	0.32	0.65	35.07	0.06	34.58	1.94	30.35	1.94	35.07	0.06	34.56	30.32	30.37	30.32	35.07	0.06	21.71	2.46	43.21	2.46	1247.90	1.00	664.20	582.70	583.70	582.70	1247.90	664.54	583.36	1193.85	149.35	94.10	24.94	25.98	24.62	0.25	415.82	25.86	1.90			
21/12/2022	16:03	12	0.41	0.30	0.65	41.05	0.06	32.18	1.81	26.77	1.81	41.05	0.06	31.57	27.33	27.38	27.33	41.05	0.06	17.68	2.42	41.27	2.42	1133.00	1.00	606.70	525.20	526.30	525.20	1133.00	618.57	514.43	1092.31	149.58	94.13	24.97	25.86	24.62	0.25	416.70	25.86	1.90		
