																									      |			Ótico			   |	|      Pressão	    |												
Data		Hora	Rep.	JW	JK	JG	|		Método	Misto		      |	|		Método	Free -	Scale	      |	|		Método	Merge		      |	L.L	+-	L.w	+-	L.k 	+- | 	|L.L	L.w	L.k |	SHD-01	SHD-02	P_bar	T_W	T_K	T_Atm	JG_lam	P_lam	T_lam	M_manual		
				m/s	m/s	m/s	Vazio	+-	Hw	+-	Hk	+-	Vazio	+-	Hw	+-	Hk	+-	Vazio	+-	Hw	+-	Hk	+-	mm		mm		mm		 mm	mm	mm 	mmH2O	kPa	kPa	°C	°C	°C	m/s	kPa	°C	kg/h		
20/12/2022	14:51	1	0.42	0.31	Inf	43.78	0.06	24.45	1.86	31.77	1.86	43.78	0.06	30.20	25.96	26.01	25.96	43.78	0.06	9.66	2.42	46.56	2.42	1080	1	580	499	500	499	1081	470	611	1020.51	146.31	93.85	24.01	25.42	26.08	0.51	404.40	26.93	3.70			
20/12/2022	15:01	2	0.40	0.30	1.30	48.13	0.06	22.67	2.03	29.20	2.03	48.13	0.06	28.03	23.79	23.84	23.79	48.13	0.06	6.86	2.39	45.01	2.39	996.90	1.00	538.70	457.20	458.20	457.20	996.90	435.67	561.23	948.21	146.92	93.88	24.09	25.64	26.45	0.51	404.69	27.05	3.70			
20/12/2022	15:07	3	0.41	0.30	1.29	47.61	0.06	25.39	2.00	27.00	2.00	47.61	0.06	28.29	24.05	24.10	24.05	47.61	0.06	9.46	2.39	42.93	2.39	1006.90	1.00	543.70	462.20	463.20	462.20	1006.90	487.95	518.95	967.18	145.31	93.90	24.16	25.82	26.37	0.51	404.69	27.14	3.70			
20/12/2022	15:15	4	0.40	0.29	1.31	52.16	0.06	21.37	2.29	26.47	2.29	52.16	0.06	26.01	21.77	21.82	21.77	52.16	0.06	4.44	2.35	43.40	2.35	919.40	1.00	500.00	418.50	419.40	418.50	919.40	410.67	508.73	882.05	145.48	93.90	24.22	25.86	26.28	0.51	404.40	27.18	3.70			
20/12/2022	15:22	5	0.41	0.29	1.30	44.95	0.06	22.46	1.89	32.59	1.89	44.95	0.06	29.62	25.38	25.43	25.38	44.95	0.06	7.69	2.42	47.36	2.42	1058.10	1.00	569.30	487.80	488.80	487.80	1058.10	431.75	626.35	994.36	145.56	93.88	24.31	25.99	26.13	0.51	404.69	27.21	3.70			
20/12/2022	15:28	6	0.39	0.31	1.30	50.67	0.06	19.73	2.18	29.61	2.18	50.67	0.06	26.76	22.52	22.58	22.52	50.67	0.06	3.43	2.37	45.91	2.37	948.20	1.00	514.30	432.80	433.90	432.80	948.20	379.14	569.06	897.95	147.43	93.90	24.40	26.04	26.13	0.51	404.69	27.25	3.70			
20/12/2022	15:35	7	0.40	0.30	1.29	45.54	0.06	25.45	1.91	29.01	1.91	45.54	0.06	29.32	25.08	25.14	25.08	45.54	0.06	10.14	2.40	44.32	2.40	1046.80	1.00	563.60	482.10	483.20	482.10	1046.80	489.23	557.57	996.92	144.78	93.90	24.47	26.15	26.15	0.51	404.69	27.27	3.70			
20/12/2022	15:41	8	0.41	0.31	1.31	46.12	0.06	23.01	1.93	30.87	1.93	46.12	0.06	29.03	24.79	24.85	24.79	46.12	0.06	7.83	2.40	46.05	2.40	1035.60	1.00	558.00	476.50	477.60	476.50	1035.60	442.28	593.32	980.00	144.54	93.85	24.66	26.20	26.54	0.51	404.69	27.36	3.70			
20/12/2022	15:49	9	0.41	0.31	1.32	44.30	0.06	23.14	1.87	32.56	1.87	44.30	0.06	48.53	7.12	7.17	7.12	44.30	0.06	12.46	2.30	43.24	2.30	1070.60	1.00	932.70	136.80	137.90	136.80	1070.60	444.74	625.86	1007.69	146.58	93.90	24.76	26.07	26.30	0.51	404.69	27.37	3.70			
20/12/2022	15:56	10	0.41	0.32	1.30	46.97	0.06	21.89	1.97	31.15	1.97	46.97	0.06	28.61	24.37	24.42	24.37	46.97	0.06	6.41	2.40	46.63	2.40	1019.30	1.00	549.90	468.40	469.40	468.40	1019.30	420.67	598.63	963.08	147.13	93.90	24.88	26.37	26.32	0.51	404.69	27.37	3.70		
